31
36
30
38
28
30
29
37
37
30
43
41
39
37
33
48
27
28
35
29
29
35
36
35
30
43
40
32
30
37
36
30
35
30
36
30
41
31
38
41
31
33
32
45
37
47
34
33
46
28
36
30
45
35
48
34
27
33
25
38
36
41
40
34
29
40
41
34
36
38
29
37
43
30
39
38
34
48
37
44
35
45
34
48
40
33
48
38
41
35
45
37
29
36
31
21
37
48
19
37
30
35
37
27
31
33
40
45
38
41
30
37
33
41
44
34
31
43
29
45
39
35
37
43
34
41
37
35
40
41
28
28
40
43
45
38
36
37
37
34
40
28
32
35
30
38
42
36
41
32
40
31
46
39
28
37
32
41
34
26
47
38
41
30
36
38
37
28
38
28
36
27
45
37
38
27
35
30
43
42
41
32
31
36
37
34
32
25
42
33
44
31
34
42
46
37
32
42
48
33
33
39
45
40
36
33
38
31
37
45
38
41
42
35
28
46
37
46
36
37
35
31
26
43
40
36
32
30
34
39
35
48
33
47
45
38
38
33
42
46
38
35
37
40
30
28
41
35
42
33
40
35
33
21
27
52
39
33
36
36
42
37
34
47
37
39
43
42
42
37
30
42
37
36
39
40
43
37
34
42
30
23
36
40
38
44
31
39
31
34
29
39
33
38
27
44
47
26
36
44
39
31
43
41
30
32
43
34
38
46
22
40
45
34
33
36
38
38
29
36
35
33
43
38
32
40
31
33
37
35
42
43
48
34
36
36
45
41
40
35
53
32
39
38
42
43
41
36
35
44
37
39
42
40
44
41
25
44
32
34
37
39
36
41
31
48
28
40
38
41
43
29
45
42
33
45
47
36
40
31
34
29
38
23
32
39
34
32
32
40
44
36
46
34
38
32
36
24
24
35
41
37
32
34
29
27
29
48
44
31
30
42
36
29
42
38
36
36
36
36
41
40
34
44
45
27
41
35
36
35
37
35
32
48
41
38
38
39
40
42
31
45
36
44
32
34
37
50
23
50
50
40
23
39
38
37
39
38
45
48
51
41
39
32
40
29
40
28
42
33
35
41
43
35
41
31
51
34
32
42
40
45
42
39
39
38
39
43
43
30
30
48
38
53
34
46
36
42
36
38
29
42
42
36
45
34
43
42
32
35
35
38
42
33
42
49
33
24
33
39
38
32
41
37
43
45
35
40
39
20
33
36
47
35
36
48
34
32
36
40
44
34
39
33
29
38
37
33
28
30
41
30
36
43
23
44
35
36
41
37
32
50
34
43
29
30
24
36
28
32
49
24
30
33
36
44
37
45
40
41
26
42
34
32
33
33
33
42
39
35
25
39
36
37
36
30
33
30
38
43
35
34
44
37
36
42
34
44
38
45
32
47
31
33
36
40
33
47
38
41
34
26
45
44
24
40
33
26
36
47
30
26
25
26
44
42
37
35
31
46
40
40
51
35
46
41
47
36
41
34
28
29
40
44
40
38
44
35
30
37
40
39
20
44
34
36
33
37
39
47
31
30
45
47
28
40
35
43
42
30
43
46
29
51
45
34
31
39
31
37
41
44
36
33
27
33
41
39
29
45
41
31
27
35
43
30
43
34
39
39
31
45
40
42
39
37
40
43
38
24
33
37
39
34
26
47
43
48
41
29
43
40
37
42
42
34
37
43
27
32
22
40
45
43
36
46
48
39
41
47
38
25
43
30
49
32
40
33
24
42
33
46
36
42
35
32
43
29
41
33
39
34
32
42
26
37
40
38
25
46
34
46
40
39
28
53
42
30
34
34
29
28
22
34
46
35
51
32
39
46
35
46
29
33
24
27
31
37
42
51
24
30
34
40
34
41
41
38
34
40
40
31
51
38
41
38
39
35
34
36
36
32
40
52
27
40
26
30
39
39
37
35
42
35
36
38
32
38
27
40
35
39
46
25
39
40
36
39
37
43
35
33
34
43
26
36
28
32
45
30
37
39
33
39
36
30
37
42
34
34
44
36
39
36
37
32
34
37
34
39
42
22
45
43
31
44
32
45
33
31
48
33
37
45
34
32
40
30
50
30
31
30
30
30
47
29
35
51
43
45
47
27
37
33
48
36
36
35
35
39
50
33
34
40
35
39
43
30
33
36
31
31
49
28
29
35
42
44
35
44
38
38
38
35
40
42
31
38
33
39
37
37
37
38
25
32
33
42
39
31
31
28
36
36
35
50
31
42
38
30
44
39
47
30
52
34
48
42
49
43
44
37
42
32
43
44
45
40
41
25
