34
33
39
28
38
45
28
42
29
48
44
38
30
30
36
32
37
23
45
34
41
33
35
35
35
36
39
42
36
35
31
31
26
36
36
38
32
38
26
32
35
35
31
41
49
43
35
43
37
31
39
24
45
41
40
29
43
27
41
39
40
41
45
35
33
34
39
28
48
41
39
36
42
37
42
45
28
39
33
45
43
33
43
39
39
43
34
38
29
39
32
36
34
36
37
34
40
42
43
27
37
38
28
33
40
32
54
48
43
29
38
35
39
42
39
41
38
47
41
33
48
33
48
34
36
46
33
44
39
33
35
35
36
31
39
43
44
36
49
37
42
33
29
54
40
31
39
32
42
34
35
31
30
39
39
36
31
29
43
36
37
39
33
32
35
35
28
36
37
42
39
41
35
39
25
46
39
32
42
45
44
32
29
28
31
30
30
43
26
44
40
44
34
29
43
47
41
26
37
38
34
42
31
39
42
34
37
38
29
29
36
41
35
41
40
31
39
44
47
38
23
35
31
33
37
35
25
23
40
46
34
36
31
40
34
49
36
32
40
44
38
24
30
28
25
60
36
36
35
48
42
34
32
31
28
37
28
29
38
33
25
40
37
33
27
35
35
38
33
45
36
42
38
27
34
34
37
34
37
26
31
42
35
35
40
38
31
37
37
27
33
30
30
29
42
26
36
35
37
50
31
39
46
33
28
28
34
34
35
47
32
35
31
40
33
34
46
40
31
20
35
34
35
34
41
27
43
34
43
42
41
32
36
35
33
33
34
37
23
30
40
34
26
44
30
34
31
25
44
28
35
28
35
41
36
32
43
36
46
35
41
34
30
38
33
38
31
44
36
37
45
25
27
40
38
24
43
33
23
30
32
40
47
34
35
38
40
32
40
30
37
29
47
39
32
38
32
37
32
39
41
35
24
32
38
38
41
46
38
41
45
45
38
46
33
29
30
39
37
34
29
47
34
43
49
28
37
36
47
34
46
33
32
35
35
40
28
42
40
34
29
43
31
40
46
42
35
36
28
42
24
34
32
30
33
29
48
27
36
32
33
25
39
27
35
46
45
42
34
37
39
43
44
29
42
32
29
32
26
37
29
37
40
37
27
37
34
34
30
42
29
35
40
30
34
44
32
29
35
42
46
47
35
36
35
38
39
33
40
33
35
32
42
30
41
41
35
41
42
30
37
52
32
41
39
32
25
33
42
49
37
36
30
37
33
31
33
33
35
51
43
43
18
31
30
31
38
41
38
49
39
34
38
41
39
36
32
43
35
45
36
47
39
36
35
46
35
31
37
43
23
40
42
36
42
41
44
41
29
31
33
40
39
35
42
38
33
23
32
27
40
33
35
36
43
26
39
42
42
39
38
34
41
47
39
41
40
28
29
44
38
31
33
29
42
37
38
36
36
33
34
39
33
32
36
33
41
48
33
29
47
25
29
39
35
31
41
32
37
37
44
43
38
43
22
39
30
35
34
43
32
41
35
37
40
39
33
33
41
33
33
35
30
31
38
35
42
34
29
31
43
30
34
37
34
36
40
31
33
47
37
32
33
28
41
41
29
30
34
29
38
28
42
35
38
33
35
36
32
32
31
29
27
21
30
36
48
36
37
30
36
41
26
27
32
47
40
35
32
35
34
38
41
29
45
35
43
31
40
39
38
38
33
29
32
45
42
37
34
40
37
41
42
36
42
27
44
34
33
44
30
31
40
26
34
32
23
27
38
35
24
31
39
51
35
52
35
27
37
27
37
32
44
31
31
35
27
48
35
39
31
29
29
34
31
31
55
37
33
34
35
33
28
32
33
35
24
36
37
47
27
39
29
40
40
37
35
36
37
36
36
44
33
39
37
33
31
29
40
34
37
32
40
48
48
37
31
32
43
36
41
31
37
27
39
39
37
25
24
52
39
41
39
39
50
41
21
29
38
39
31
44
34
55
44
39
32
39
49
35
35
31
27
21
46
35
32
36
27
36
32
32
39
20
34
29
32
39
49
42
39
30
35
41
28
40
33
37
29
38
37
33
38
44
52
41
29
40
31
42
44
40
35
30
34
39
42
36
47
50
40
35
27
36
37
41
41
39
28
40
31
44
33
35
30
42
42
26
35
37
32
41
30
47
33
40
32
36
32
42
44
34
45
23
29
29
32
33
34
28
35
47
31
36
46
45
32
35
46
43
26
46
28
33
41
38
32
37
42
36
47
39
30
32
41
40
35
28
31
21
43
45
29
35
39
34
38
29
27
29
43
43
25
28
41
33
28
32
39
37
